  4174.68993  16884.86179  15601.56236  11685.75858  12566.47027   9765.42004  13225.58718  15451.49732  11923.05805  16316.95871  21056.31443  17206.37933  11681.38265  12109.31913  18887.42475  29534.39313  15798.51603  20489.18860  18011.65539   8855.41523  24610.87933  13079.34197   4200.08726  12716.23909  11557.63116  11621.87081  10229.33913  11867.50986  11831.25019  19612.38185  14375.57741   9990.41103  16095.57329  14430.65226  11259.75515  17239.50911  15308.30589  17027.33167  15958.68356  13406.22984  12370.08700  14611.70148  12501.40579  12516.14720   7720.39126  16044.82414  16562.18367  13729.76982  14026.53029  15420.63917  16242.43272  13842.89347  17660.23051  12276.90945  12343.38014  17560.48837  14795.11614  10512.35043  12095.11722  11160.01557  11188.61941  12686.34736  16748.81774  14875.16523  10961.24254  15046.67885  12800.69351  12181.05877  11483.77752  12296.37007  15200.88499  14939.28218  11886.48696  14321.45476  10832.31572  16789.73396   6960.91190  15473.47196  19262.34690   3236.95229  12515.49573  15429.69415  14293.56114  11966.57249   9433.22196  11908.09077  13967.37952  16778.44524  20445.63658  19913.35954  19893.79382  20208.77266  17321.49687  15792.37381  14002.45681  12830.13421  15386.28806  10439.62628  11381.71007  17464.95152  14445.48511  15020.90718   2087.34496   8259.76912 2000000000.00000  21133.97474  19055.78882  17158.71396  16446.59255  13643.97662   9130.92927  11642.68635  18730.22941  10934.40848  13257.21986  13770.43305  15790.35743   6191.51790  13318.36646  20883.96246  19835.46843  11876.52827  10523.35016  14011.75109  15314.28555   9259.68656  12398.22479  12947.90757  15225.51065  14124.54614  12519.32400  13724.59880  14051.73577   8931.73924   6778.48383  13929.35978  12970.55411  11182.22726  12698.27448  11049.42743  13429.40606  14656.53491  14238.89992  12970.78272   9239.96833   8666.01866  12949.01616  12888.26202   8138.98446   8149.01681 
 16884.86179   2184.97597   5157.84783  14297.23204   8192.93992  12664.82886   8148.27339  10018.22221  10507.19085  10503.79540  19179.91986  12150.41395   9386.83811  11082.37802  17599.90838  19856.88292  14263.05471  10811.67839  11042.09151  12480.66894  25412.42993   7651.35042  12684.77454  15616.17257  10447.87665  10442.52625   9896.76274  16221.77409   9184.70250  15074.94933  11729.02972  11077.80972  11725.83536   8997.37715  13767.41940  11559.75938  14305.59052  12657.59375  16185.19567   9215.11392  11657.42892   9491.61160   7068.13068   7337.36335  13039.01894  10866.04030  11128.90857  12402.88333  14169.27037  15875.97238  15703.62128   9504.79181  11187.38826  13849.95669   4730.19598  11552.53943  17559.34903  11917.89847  15420.42199  14295.26992   8586.24504  10083.97298   2048.93192   6841.48972  12038.51950  10141.78926   7367.41840  11084.56001   7114.03960   8434.32232  10022.10114  10569.54426  11173.82888   8200.40104  11287.64894  17245.06717  11315.17612  11103.73404  14357.45731  15947.12415   7610.60614  16211.31397  16714.22922  15188.59660  11326.18824   9191.26000  12679.86316  16624.71836  14632.47328  13468.87853  15328.17620  13698.15283  16631.98901   1092.48799   7714.19815   9691.72159   8977.94531  10894.95949   9881.10013   9431.27600  10117.15691   9518.72723  14797.51683   9061.31972 2000000000.00000  14845.71608  13627.79727   4730.50593  11061.79201  14099.30983   8190.15957  10953.17848  14360.49149  12339.95652  10005.95035   7297.78770  10952.80520  10693.34389  11023.82192  15455.97091  15118.05447  14845.83208  12576.90635  12150.54861  16115.83614  11099.69887   4532.95462   8043.01798   9572.73495   7651.70389  11516.60863   8339.79826   8995.77039   9713.35906  11132.74805   7521.01703   5731.43122   5748.95215   8369.94627   6679.68951   8954.85288   2228.32688   8388.80053   5357.59857   8143.46957   9121.35187   7235.12504   6886.60243  11274.23880  10656.68106 
 15601.56236   5157.84783   3367.28377  12113.80004   3035.09209  10089.90442   2990.42556  10714.48164   9272.64611  11204.98947  14022.07202   9190.95370   8623.64946  11783.57209  17012.83869  14699.03509  11649.85976   5653.83056  11225.24507  11893.59926  25097.35760   7064.28073  12405.21269  11342.29471   8219.14317   5301.21807   6329.46799  14915.84216   4026.85466  13414.21536   6571.18188   6932.67784  12305.25625   9693.63659  13686.37291  12260.95345  10054.02731  13237.01464  14871.88065   9911.37335  10994.93106   4333.76377   7764.39012   8038.55742   7881.17110  11567.23436   7352.46299  11168.33859  14187.31013  16527.04427  11452.05807   4346.94397  11888.58233  12437.68929   5431.39005  10191.41486  16706.98467  10683.35373  15133.30125  12687.34529   7864.97395   6367.24600   5021.80378   1683.64189  11122.02238  10842.98333   6151.54751  11785.75408   6824.76031   7847.25263  10723.29521   5906.03056  10884.54959   3042.55320  11938.72083  17896.13906   9644.38806  11683.15493  14846.82302  12364.61007   8311.80021  16912.50803  15379.81565  10592.62812   6168.34041   9892.45407  12092.79347  13897.47034  15333.66734  12665.38212  11876.72940  10538.12668  12677.63912   4065.35985   2556.35031   4533.87376   8848.74166  11596.15356   8323.97688   4273.42817  10818.35097  12491.59909  13514.21740   8746.24739 2000000000.00000   9687.86824  11718.22666   5431.70000  10125.93981  14750.38172   8891.35364  10360.82643  14071.21220  11105.41178   4848.10252   7998.98177   9110.96834  10413.78205  10260.63327  10741.32545  15191.61068   9687.98425  10481.10170   6992.70078  15800.76382   8678.95155   5234.14869   8532.38369  10229.39157   8352.89795   8877.78779   7403.94606   9696.96446  10414.55312   9826.81613   7391.81339   6432.62529   6445.21159   9071.14034   7259.11040   8693.99276   2929.52095   9089.99460   6058.79263   8844.66364   9822.54594   7936.31911   7587.79649  10050.85298  11357.87513 
 11685.75858  14297.23204  12113.80004   6532.03123   9078.70795  16133.52028  10561.20225  16217.33795  17443.26662  13842.48169  25256.43087  12641.54196   7498.40255   8897.86682  18465.46764  26812.83513  10621.29603  17767.63060  15475.76481  11877.88431  30586.71456  11846.21674  11205.41762  12362.61009  14580.10023   7438.89071   8972.78250  14533.66882   8086.94537  13939.96037   5542.61815   5807.43094  13158.51538  12061.25953  12561.12600  11366.64737  14112.47852  13254.13784  14680.10227  11466.92517  12412.28538  14088.72213  13267.24642  14273.43912   5056.00633  17802.11607  17107.42135  19338.95910  11362.14536   9390.20346  15510.50927  15844.10738  14526.07455   9612.52452  13268.69463   9999.63648  17366.23703  16880.45066  15117.58630  13707.66066  11933.92236  13431.65030  14161.18799  13618.60860   8296.85761   8659.40927  13722.32420  15203.52785  10884.85102  11063.24484  16958.17691  11538.86841  11928.68534  15156.35324  10874.51410  16831.93233   9262.21472  14505.74437  12568.65338   9539.44530   6686.62590  17483.61876   3266.01562  11612.94350   6768.83703  11296.67910  13545.42241  16496.76129  17971.15956  12473.60374  15135.06419  21012.71091  11649.07539  13204.74405  12745.90017  15240.02292  12520.24477  10481.82465   4416.13190  16208.39489   9924.04490  14409.49551   9598.41362  14945.00075 2000000000.00000  15156.93265  15108.41784  13244.33270  10868.68001  13686.17500  14073.84060  13943.98917  18131.30291  17302.50871  13607.02737   7104.67570  11268.91722   9213.98698   9135.38636  19650.83723  14163.04695  14543.28379  12383.79435  14853.95100  21290.12078  11322.26606  13587.04250   6254.21406   9379.62295  10990.39017  11323.49662   8146.68625   9486.89840  11954.20832   9444.64278  11063.31650  12667.50699  12779.54098   8176.83427  11319.20111   8761.74087  12068.90516   8195.68853  13098.68087  12262.43740  11688.48773  12317.58266  11676.69713  11161.45354  11171.48589 
 12566.47027   8192.93992   3035.09209   9078.70795   1983.52514   7054.81233   6025.51765  11603.93476   9212.45034  10311.97727  17057.16412  11398.79619   8745.08943  10250.46282  17709.92370  17734.12718   8614.76767   8688.92265  12485.40735  11745.82517  27271.89595   8412.99623  11073.35848  12152.68277   9657.58630   8336.31016   7682.06069  14137.65066    991.76257  11933.43201   3536.08979   7526.71854   9270.16416   8425.67082  12353.75203  10290.26713  12261.86981  10201.92255  13248.07585   7106.23572   8333.05754   7368.85586   8653.84324   8780.67920   4846.07901  12309.35614  10387.55508  11019.16210  11152.21804  13491.95218  13659.90056   7382.03606  12716.93705   9402.59720   6173.51183  13226.50695  16179.67497   7801.74271  14879.99353  12832.46351   9323.84615   9402.33810   8056.89587   4718.73398   8086.93029   7927.08722   8953.13096  10281.01392   3789.66822   9195.96813  11465.41699   8113.87306   7849.45750   6077.64529   8903.62874  14861.04697   8866.19656   8648.06284  12142.75526   9329.51798   5395.90409  15407.76787  12344.72356  11403.01618   3133.24831  10634.57585  13441.50896  15420.38105  14440.65514  12793.76791  14433.54166  13573.21877   9642.54703   7100.45194   5591.44240   7568.96585  10468.29933   9296.31818   7666.39809   7308.52026   9475.40824  13747.39226  10479.12531  11781.33948 2000000000.00000  12722.96034  14389.44308   8466.79209  10167.15747  11715.28963  11926.44573   8497.50728  11036.12011   8223.80077   7883.19461   6678.77757  10820.28056   9081.92784  10382.07325  13776.41754  12156.51859  12536.75543  11682.27181  10027.79287  17975.30216  10031.54426   6980.43210   5828.31594   7194.29948   9181.25268  10722.22224   7445.16372   8368.39968   8909.81296   9048.62463   9011.37106   7174.74707   7334.66471   7728.19760   4224.01831   5658.90067   5964.61304   7119.30828   6800.91441   7339.92347   8860.91788   9267.98901   8403.69030  10470.69271   9243.01369 
  9765.42004  12664.82886  10089.90442  16133.52028   7054.81233   1493.86077  13080.32998  13365.05580   2157.63801  13794.46523  11290.89438  10881.56111  13724.14152  13474.56465  17674.45538  19768.97309  15669.58000  10723.76856  13782.53760  10220.66076  26700.86185   9291.84122   5565.33278  12669.53792  11649.84306  13528.15590  14187.00429  13232.75539   8046.57490  18160.57898  10590.90212  14581.53087  14930.27225  12344.21075  12625.00068   9553.02769  15554.60389  15862.03064   6193.26352  12561.94751  13552.22360   6891.05631  10414.96428   8539.32976  11900.89134  12068.00671   9909.75553   3964.34977  17055.12661  16785.88469  16952.63465  12204.48027  14478.05809  13803.46204   7934.63287  10873.72931  15552.61734    746.93038  13460.36275  11272.38589  10422.26649   8924.53854  12528.78480   9541.17819  13989.83885  12236.66992  10714.25200  13546.30430  10318.47648   8508.86932  11224.06755  13773.98115  13251.73249  13132.45762  12197.56125  18154.97948   8326.15742  14308.17092  19019.55355   8827.68240  12348.01403  16794.93968  15658.80667  11919.87133  10188.06064  12255.75299  12754.41016  14401.66873  17923.14311  10632.61400  18413.80584  16902.58972  16543.83535  11572.34087  10413.88662  14623.77818   9352.94005  11804.87181  14543.19637   8516.41177  14454.46032  15368.56940   7678.07508  10349.75164 2000000000.00000  17545.40455  13454.66735  12938.68102  14147.42166  15009.22215   9478.59149  10865.02483  17564.92837   1168.98844   5352.30091  11854.65258   9615.16673   7556.76343  13236.36908  17096.46171  18464.88807  12245.27678   8433.28797   9549.99331  17404.26806  14850.41668   8384.72875  12705.11422  14090.66988  10942.37372  13498.02027  11425.42791  12200.20728  10296.98477   8143.72935   7896.01178   6933.39763   9095.78575  12707.24968   9884.12640  12713.71300  10436.50197  12723.98653   8562.03545  10605.21385  10031.26418  11029.11005  10164.81134   9504.22999   9514.26234 
 13225.58718   8148.27339   2990.42556  10561.20225   6025.51765  13080.32998   5980.85111   9048.85826  11717.73594   9914.31965  17012.49758  11929.28604   8481.47018  10909.57973  14022.41314  17689.46065  14640.28532   8644.25611  12252.63660   8903.17370  22106.93205   4073.85518  11806.77779  12811.79968  11209.56872   8291.64362   8260.52658  14982.85842   7017.28022  14169.58141   9561.60744   8771.33932  12936.38046   8028.01320  14883.58440  10654.39145  13044.45286  13868.13884  13990.55976   8245.74997  12861.47497   7324.18932   6098.76673   8547.90844   5505.19592  12076.58539  10159.54462  13613.42843  11811.33495  15912.02713  14442.48362   7337.36953  12484.16630  10061.71411   5940.74108  13181.84042  16653.98111  12618.76601  12142.87570  13410.92940   9870.56216   9357.67156   8012.22934   4674.06744   8746.04720   7947.15335   3161.12195  12843.81694   8324.58469   4856.82708  11232.64623   8896.45612  12377.87493   6032.97876  11323.70369  17281.12193   9711.40431  12314.27913  11856.39746   9988.63489   5974.36998  16771.36284  13827.21787  12062.13309   3792.36523   9404.14348   9102.36792  13047.22312  14042.99752  12563.51060  14422.80827  13528.55224  15668.06468   7055.78540   5546.77587   7524.29931  10235.52858  10931.01425   7380.04029   7263.85373   9211.78898  12516.95989  11138.24222   5755.82184 2000000000.00000  12678.29380  10050.30203   8422.12556  10156.42409  14135.36459   6626.98198  12163.72357  15571.03658  13040.82406   7838.52807   6392.41978  10556.66130   9815.34715   8018.38303  11878.47567  14148.69052  11924.28674  11671.53843   9983.12633  12810.33826  10610.01014   5995.58573   5541.95814   8667.36703   8948.48192  10611.24070   7434.43033   8774.64248  11472.61598   9893.83238   8778.60031   6941.97631   4779.58820   7464.57835   7890.23460   8049.48495   5919.94651   7483.43261   6568.14366   9902.72650  10331.89696   8697.75616   8170.91955  11762.81371  11772.84607 
 15451.49732  10018.22221  10714.48164  16217.33795  11603.93476  13365.05580   9048.85826   5900.18305  11207.41779   9404.00150  20340.67417  10231.74509  11548.37463  10084.01287  17290.74668  25413.51673  14963.28166  16368.31220  10883.65148   8915.70641  26528.80705   8908.13252  13284.49666  16638.49014   5926.95276  12604.06277  11931.24901  16418.26624  10612.17219  10011.90719  13156.49941  13239.34624  12426.06231   7517.69506  13868.56542  13721.29590  12655.71776  12990.79188  12856.86597   5097.07476  12035.90811  10029.56863   2950.09152   8037.59030  11161.33162  11566.26724   7010.86941  13103.11028  10985.76809  13923.18885  14053.74852  11694.14184  11973.84815  11644.58001   5430.42293   8176.40019  16909.28967  12618.12542  12155.40841  14396.41594   7314.68518   8812.41313   9882.17816   9030.83976   7920.48034  12580.78023   5887.73631  11185.70603   7814.26654   8125.16061  10722.32809  11269.77121  11552.30807  13757.03485  10498.13683  16455.55507  11511.66827  11803.96099  16624.22519  14513.75968  10049.59711  16312.45999  14910.02105  15888.82355  12810.11757   9891.48695  12370.70145  14483.31772  13532.67938  10650.36745  17489.71272  14398.37978   7721.02221   8925.73422   8158.13133  15248.35540   9725.21044  10105.44739  12147.86802  11620.62604  12278.69343  13004.30336  13364.15235  13539.80860 2000000000.00000  12328.17843  14884.57937  10292.07438  13223.32854  13309.79773  12668.64845  11653.40543  15060.71844  13040.18347  10811.99303   9459.32423  11700.07032  11293.06602  12852.66037   7652.11004  10234.99377  11936.81945  14738.44288  12688.50563  17232.21326  12052.01184   5485.26759  10309.78586  11734.27148   8438.16378  12458.13668  10501.33478   7077.10152   9814.50508  11329.24020   8268.28216   6431.65817   4269.27006  10531.48280   7379.91646  10484.38504   7789.89532  10550.33706   6057.82551   8244.61559   9765.61000   8187.43801   7660.60140  11375.38482  10757.82708 
 11923.05805  10507.19085   9272.64611  17443.26662   9212.45034   2157.63801  11717.73594  11207.41779   2821.41525  11636.82722   9133.25637  11545.33835  12427.64132  12215.40984  18338.23262  20432.75033  15309.85359  11387.54580  12088.89039  12378.29877  24872.90850   8443.15230   7722.97079  11622.22470   9492.20506  12030.91273  13295.90957  15390.39340  10204.21291  17370.80065  12748.54013  13662.37250  12772.63424  10186.57274  14782.63869  11710.66570  15359.24485  13704.39263   8325.24101  10404.30950  12704.22780   9048.69431   8257.32627   6381.69175  14058.52935   9910.36870  12067.39354   1895.69249  16293.00284  16922.77126  16757.27561  13619.59008  12320.42008  14896.75556   5776.99486  10948.94325  17710.25535   1410.70762  15618.00076   9114.74788   9706.81594  11082.17655  10371.14680  10956.28799  13227.71509  13112.18646   8556.61399  12239.80066   8160.83848   9172.64656   9066.42954  11616.34314  12220.62776  12315.19931  12334.44781  18291.86605  10483.79543  12150.53292  17503.49188  10985.32041  11009.75297  17366.55461  17682.56412  11209.46505  12345.69865  10238.05888  13418.18739  13473.91142  15765.50510   8474.97599  17482.67571  14744.95171  15616.07804   9414.70286  10827.00901  13806.51987   8425.18274  11941.75837  13027.13471   9180.18901  13157.96012  13350.87529   9835.71309   9421.99432 2000000000.00000  17635.41318  12526.91003  10781.04301  13216.29152  15146.10871   8550.83418   9937.26751  15407.29037   1832.76568   4424.54359  10338.59092   8687.40941   9714.40143  12387.68015  16247.77279  16307.25006  14402.91479   9097.06521  11707.63132  15576.31472  12793.83499   6227.09074  11189.05256  12613.53817   8784.73571  12570.26296  11380.60148  10042.56927  10868.59970  10301.36736   6968.25446   4775.75963   6938.14774  11410.74949   7726.48839  10830.95697   8278.86396  11429.60375   6404.39744   9298.71021  10168.15075   8871.47204   8007.17333  11661.86799  11671.90035 
 16316.95871  10503.79540  11204.98947  13842.48169  10311.97727  13794.46523   9914.31965   9404.00150  11636.82722   3772.61289  11413.94918  12274.67225   8826.85639   6282.76565  15850.36646  25904.02456  15305.19957  16858.82003  12171.72788  12419.52487  26005.06781   9773.59391  12776.55039  16198.16341  10324.68567   9882.54454   9464.84770  16180.67349  10085.38992  14514.96762  12629.71714  10517.82801  12767.98022   1886.30644  13630.97267  10999.77767  13745.60881  13699.73861  15753.28063   8600.89321  10731.63561  12546.42303   6453.90998   8466.99972   8891.55965  11995.67667  10514.68786  13532.51971  11511.58592  12203.79394  15143.63957  12559.60323   6387.77589  13448.07784   5859.83236  14731.61118  16999.36732  13047.53485  10620.80962  14158.82319   9789.65344  11287.38138  10367.75135   9896.30115   8446.29817   9709.87422   6753.19770  10948.11329   7287.48428   8990.62201  11151.73751  11171.99870  11215.23565  14247.54267  11023.95467  16981.37290  11274.07552  12145.87890  13902.70696  13374.99862   7178.69110  16074.86724  11914.61685  15448.49682   7178.72895  10320.89638  10930.32124  16129.89158   4128.67788  12257.64392  14768.19449  14827.78921  16805.85260   9411.30741   9023.59272  14224.32269  10154.61986  10631.26522   9426.34978  12486.08743   9557.17520  13433.71279  14229.61374   9653.95760 2000000000.00000  14790.06294  14741.54813  10777.64757  10501.81030  13835.61556   8782.79746  11995.32334  14533.93617  13469.59290  11241.40246   6737.80599  10902.04752  10785.11975  10463.84021  17056.11154  14503.83377  15440.63791  12016.92464  14133.90386  16708.47403  11814.33126   5970.84078   7588.26763   9012.75324   2852.09151  10956.62692   7779.81655   9120.02869   9576.91233  11091.64745   8697.69159   6861.06760   5134.73145   7809.96456   7721.83437   8394.87117   8275.46852   7828.81882   6487.23494   8007.02284   9528.01725   8673.01121   8090.01083  11137.79208  10520.23433 
 21056.31443  19179.91986  14022.07202  25256.43087  17057.16412  11290.89438  17012.49758  20340.67417   9133.25637  11413.94918  14570.54261  20678.59473  20240.80558  17696.71483  27264.31564  28721.10712  24264.76026  19675.90258  21222.14676  21511.55514  34006.16488  17576.40867  16856.22717  20755.48108  18625.46143  19323.29009  16984.25624  24523.64977  18048.92669  25928.91680  20593.25391  20954.74987  21905.89062  13300.25563  23915.89506  20843.92207  23652.09961  22837.64900  17458.49739  19537.56588  21649.71932  14988.55202  17390.58264  15514.94813  20305.50883  19043.62508  18007.25125  11028.94886  22925.53511  23617.74312  25050.13036  15001.73222  17801.72507  24030.01194  14910.25124  20082.19962  26843.51172  10543.96400  22034.75880  18248.00426  18519.76220  17022.03426  19043.87581  12338.43014  19860.24735  21123.82341  17689.87036  21373.05703  17294.09485  18305.90293  18199.68592  19928.10259  21353.88413  17064.62523  21467.70419  27425.12242  19617.05180  21283.78929  25316.65614  20118.57679  18592.64028  26499.81098  23328.56603  20140.36922  18592.67813  19371.31525  22344.27042  20204.72099   7285.27131  17608.23236  25898.80143  23878.20808  24749.33441  18087.43187  13211.13857  18555.94578  17558.43911  21075.01474  20840.29896   9748.64385  20971.12438  22484.13166  18968.96946  18555.25070 2000000000.00000  20342.65650  17207.79991  19453.77203  21915.75948  24279.36509  17684.09055  19070.52389  24540.54674  10966.02205  13557.79997  18151.75517  17820.66579  18847.65781  21520.93653  21396.11370  25440.50643  20342.77250  18230.32159  17647.48903  24709.57109  19333.73980  15360.34711  19002.21681  20426.70242  14266.04069  21703.51933  19193.76573  19175.82564  20001.85607  19434.62374  16101.51084  13909.01600  16071.40411  19223.91374  16859.74476  19808.82035  16951.59298  19242.76800  15537.65382  18431.96659  19301.40712  18004.72841  17140.42971  20705.64124  20805.15672 
 17206.37933  12150.41395   9190.95370  12641.54196  11398.79619  10881.56111  11929.28604  10231.74509  11545.33835  12274.67225  20678.59473   6309.28712   7625.91667  12301.38877  18661.02147  23889.98879  14758.14309  14844.78426  13732.11349  10686.60062  28518.60208  10278.40731  13006.29208  16071.17538  10336.00509   8681.60481   8413.29575  15692.26395  10407.03362  13314.02789  12951.36084   9316.88828  12220.92374  11829.79584  13642.29209   9798.83794   7432.91988  13028.38745  14701.72868   5134.67033  12152.51730  10032.00167   7281.65356  10027.38533  13378.70752  13556.06228  11342.43144  12507.93401  12408.34893  13960.78442   8830.95064  13537.89767  12958.26512  11682.17558   7420.21797  14181.92435  15798.42759  10134.63073  13926.30262  13563.69857   6500.79149   7998.51944  12014.36990  10874.59558  10137.85624   8658.32227  10199.83709  10959.43270   7609.12798   9495.43541  12712.12312   3284.92313  11668.91726  12233.50690  11705.63374  17663.05197  11285.39494  11598.82242  12701.76723  14452.45861   6127.13915  16086.18665  15907.55758  15658.41573  14532.04451  11368.14551  13740.97625  14520.91329  16403.35013  11707.95709  13567.25476  16388.17481  15604.91288  11057.92596  11747.30401  13672.21348  10952.43534  11312.94429   8225.41006  13464.38187   8356.23547  14480.96192  15119.03437  15016.46716 2000000000.00000  13589.12321  13540.60841  11676.52327   9300.87057  14517.29463  14145.30701  11448.26686  14855.57987   9712.57268  12039.21794   5536.86626   9701.10779  11014.86143   9262.90048  17883.85512  15331.57735  13707.71366  10815.98491  12690.93868  19222.00830  10762.77931   7681.61175   6387.32790   7811.81352   9422.58074   6256.68036   6578.87682   3154.64356   9588.23174  11102.96687   9495.50707   8421.45320   8581.37084   6609.02483   7174.77789   7193.93144   9922.08707   6627.87910   8047.62055   8018.34226   9539.33667  10383.78218   8200.43410  11149.11149  10531.55375 
 11681.38265   9386.83811   8623.64946   7498.40255   8745.08943  13724.14152   8481.47018  11548.37463  12427.64132   8826.85639  20240.80558   7625.91667   2033.78367   9405.43901  15213.20561  23058.07603  11532.50345  14012.87150  13378.66339  10093.96617  27359.92665   5581.51167   9761.47009  12509.53551   7671.45906   3322.43139   5635.34194  12244.44809   8413.25368   9866.21203  10957.58089   1690.97161  13442.03739  10713.16284   8444.66668   6351.02208   9096.85322   8899.66164  11388.11366   6451.29987  10817.59378   9073.09683   8598.28310   8868.70990  12554.40888  12397.38684  12091.79606  14323.33381   8960.53307  13868.14594  10494.88398  12944.47013   9510.44926  11842.13025   7066.76786  10734.10849  12350.61173  13809.55848  11636.90492  10785.74476   8360.71445   9216.29812   9250.79405  10281.16804  10246.54526   5344.70725   9382.38194   8533.62147   8830.24162   6047.61955  11553.44768   6523.24311  10333.99374  11579.77073   9279.82250  15237.24074   8539.43344   7345.80193   9253.95137   8444.43036   3349.18534  10207.39232  10764.41817  11759.86892  11878.33775  11188.38844  10293.16039  10945.39649  12955.53427   8260.14123   8212.41117  15997.08561  12157.09702   8294.35012   9408.45962  10224.39762   7504.61948   8887.13306   3082.27065  12870.95433   2764.10247  11808.85434   9594.03768  12776.63097 2000000000.00000  10141.30735   7948.47541   8228.70741   5853.05471  12091.48340  11905.47083  12669.38050  16076.69351  14231.61653   8371.84061   2089.05040   4108.97479   7770.03945   1636.98381  12676.66646  14671.06858  10050.83192   7368.16905   7355.54845  18063.33286   7984.82550   7501.09865   2939.51204   4363.99766   5974.76488   6307.87133   3131.06096   4471.27310   7162.42051   8357.00537   6047.69121   7651.88170   7763.91569   1016.89183   8395.89153   3746.11558   7158.51122   3180.06324   7694.17045   5592.53102   7113.52543   7585.87139   6661.07184   8723.30026   8105.74251 
 12109.31913  11082.37802  11783.57209   8897.86682  10250.46282  13474.56465  10909.57973  10084.01287  12215.40984   6282.76565  17696.71483  12301.38877   9405.43901   4327.06506   9567.60082  25410.59396  15524.79936  16365.38943  12750.31050   8581.69856  25162.78588   9676.06833   7909.23187  11268.59056   9960.76444  10461.12716  10043.43032  10419.86134  11242.22539  15093.55024  13786.55261  11096.41063  13434.05436   8169.07209  10842.16786  11111.16110  13063.80107  14365.81274  16149.82746   8018.20770   6278.96030   9331.80746   7133.92135   9045.58234   5404.38381  12574.25929  11194.69923  14111.10233   5228.82028   9329.51246  13698.52126  13569.17680   6966.35851   7303.49677   6438.41498  11469.36167  14521.39947  13626.11746  11199.39224  10718.76998   5800.59728   7298.32522  10946.33397  11981.92934   2163.53253  10288.45684   9218.03410  10584.19205   8822.25859   8893.09643  11730.32013  11237.61576   5795.36026  14826.12529   4741.18902  10698.60725   5513.26337  12811.95303  14481.28957   9887.82278   7757.27372  15155.97748   5631.85121  10518.92397   7117.21450   5163.35402   4647.55559  16708.47420  10411.44352  13487.47944  14765.07194  15406.37183  15873.84835   9989.89003  11488.42913  13382.04075  10733.20248   4348.49958  10004.93240  14571.71563  10135.75781   8276.17043  10021.97416   8811.67567 2000000000.00000  15368.64556  15320.13075  11356.23019  10498.68775   7552.84992   7940.51552  10195.03782  14565.66747  14048.17552  11819.98508   7316.38861  11480.63013   5917.80123  11042.42282  17480.68882  15183.84513  11602.81160  12595.50726  11990.74447  15866.19209   9355.24855   6549.42340   8166.85025   9591.33586   3430.67413  10274.81917   8358.39917   9698.61131   8658.02257   5330.83530   9276.27421   7439.65022   7599.56785   8388.54718   8387.90850   8663.96221   8854.05114   8407.40144   7065.81756   7643.10161   6122.10720   9251.59382   7500.23989   7865.26779   7731.42953 
 18887.42475  17599.90838  17012.83869  18465.46764  17709.92370  17674.45538  14022.41314  17290.74668  18338.23262  15850.36646  27264.31564  18661.02147  15213.20561   9567.60082   9840.09045  31034.60544  10976.97888  21989.40091  20494.52502  11849.66354  33713.09951   9948.55796  16470.48119  20283.13762  15843.20704  14184.87264  11977.22174  19859.36469  16718.16113  18817.29572  16055.65676  15816.33241   8439.75953  16269.90162  18281.60377  17386.12688  20131.95802  13609.82069  13806.86322  16487.63838  14117.35475  14937.31940  14340.65515  15221.88276  14971.98462  18750.55971  17956.01863  20144.94438  14796.42110  18759.17030  19498.70302  14970.86832  16533.95932  15432.46482  14182.62949   9126.39743  19587.57311  16927.52499  15089.36553  19447.54823  15368.19810  16865.92604  15550.97646  16623.04785  11731.13335  14617.59212  14639.94287  16466.63465  13920.25548   9165.58606  17906.62055  16136.91382  13633.75471  20055.39190  14170.84686  20128.26509  15080.86419  15163.68040  20289.05617  17949.68711  14131.40427  19529.43848  15199.45202  19533.47103  16684.81532  14730.95484   4920.04522  17146.49686  19979.04434  11600.36469  19070.52259  15824.85723  21108.18071  16507.42039  15750.33942  19175.48131  18477.41700  13778.15742  15812.69900  19212.83413  15943.52441  17843.77125  16800.07978  18379.27649 2000000000.00000  21176.41216  15925.00482  15948.43092  14804.13840  16982.50776  17508.11634  17759.39436  21166.70737  17349.58305  19564.19959  13124.15521  17288.39673  14479.05055  13893.08582  17753.17845  22390.57894   9583.09892  15766.78332  12278.38240  24416.50573   9627.73818  14237.47415  13974.61684  15399.10246  12998.27495  17342.97613  12082.14465  15506.37791  13031.48357  14898.43612  17020.48872  13615.95063  13021.47662  14196.31378  13485.90539  14781.22038  16542.10189  14215.16804  14810.03208  13525.54420  12004.54979  16939.64458  16412.80796  16426.51711  16038.75570 
 29534.39313  19856.88292  14699.03509  26812.83513  17734.12718  19768.97309  17689.46065  25413.51673  20432.75033  25904.02456  28721.10712  23889.98879  23058.07603  25410.59396  31034.60544  18090.40906  26348.89485   9045.20453  25924.28016  25915.36601  39796.39269  21086.04748  25334.30588  26041.32980  22918.17826  20000.25316  21028.50308  29614.87725  18725.88975  28113.25045  21270.21697  21631.71293  27004.29134  24392.67168  28385.40800  26195.04701  24753.06240  27936.04973  25936.57610  24610.40844  25693.96615  19032.79886  22463.42521  22737.59251  22580.20619  26266.26946  22051.49808  22239.46210  26312.34918  30413.04137  26151.09316  19045.97906  26587.61742  27136.72438  20130.42514  24890.44995  31406.01976  19022.04271  29155.06800  27386.38038  22564.00904  21066.28110  19720.83887  16382.67698  23247.06143  25542.01842  20850.58260  26484.78917  21523.79540  21869.01938  25422.33030  20605.06565  25583.58468  17741.58829  25824.71793  31782.13616  24343.42315  26382.19002  29545.85811  27063.64516  23010.83530  31611.54312  30078.85074  25291.66321  20867.37550  20247.23994  26114.56022  18106.52171  30032.70243  27364.41721  26575.76449  25237.16177  27376.67421  18764.39494  17255.38540  19232.90885  23547.77675  25432.02848  23023.01197  18972.46326  23788.39483  17134.42353  27447.04817  23445.28248 2000000000.00000  24386.90334  15109.60063  20130.73509  24824.97490  28636.37882  23024.40144  25059.86152  28770.24729  19444.10076  19547.13761  22698.01686  18949.10124  25112.81714  24695.05984  25440.36054  29890.64577  24387.01934  25180.13679  21691.73587  30499.79891  23377.98664  19933.18378  23231.41878  24136.13893  23051.93305  23576.82288  22102.98115  24395.99955  25113.58821  24525.85122  22090.84848  21131.66038  21144.24668  22041.18420  21958.14549  23393.02785  17628.55604  23789.02969  20757.82772  23543.69873  24521.58103  22635.35420  22286.83158  24749.88807  26056.91022 
 15798.51603  14263.05471  11649.85976  10621.29603   8614.76767  15669.58000  14640.28532  14963.28166  15309.85359  15305.19957  24264.76026  14758.14309  11532.50345  15524.79936  10976.97888  26348.89485   5074.43869  17303.69032  15844.75425   6943.10080  30631.24284  11772.34312  11598.42878  16131.71932  13016.93320  11234.54455  15134.06173  15282.99010   7623.00510  13476.02010   5078.67788  12866.00432   2537.21934  13418.89312  13375.04104  14610.18388  15621.21670   2632.84181  20886.83345  10526.55893  12561.10461   9276.20824  12013.19013  12140.02609  13460.84668  15668.70304  12294.90746  17205.54607  18459.25286  17676.53327  14592.14028  14589.63221  16076.28395  10525.90208   9532.85872  17751.50598   8610.59423  16416.51039  10182.80279  14575.49581  12744.16936  11309.69047  14127.01066  11926.33012  15665.86632  14843.42704  12312.47785  13640.36081   8017.71529  10989.44743  14824.76388  11473.21995  12077.50457  14692.41297  13088.20983  19045.62806  10376.39213   4186.70152  18752.67116  14860.77839  12847.90513  18767.11476  13887.31165  15382.05273  11748.01599  13993.92274  13872.71912  19912.80190  19433.87744  17758.86102  19618.15869  18500.81557  11185.13512  13170.56672  11727.58238  16183.73352  13827.64623  13480.89927  14257.30336  14516.11641   8768.40099  17106.73915  13711.17107  15628.14059 2000000000.00000  18859.10031  17447.19520  14536.90688  15351.77450  15899.87073  14756.98045  11856.85417  15264.16718  16838.56844  14914.42882  11587.77019  13607.69458   9606.99813  13169.48727  19576.96361  13699.10668   3921.98776  10105.67216   6617.27123  21334.64905  15405.36705  10339.77899  12438.23183  13862.71744  12540.59957  14444.97718  12629.78075  12506.58570  12269.15985  10193.96406  12370.71795  10534.09396  10694.01160  10515.61162   7583.36520  12290.14319  12034.72783  12678.78302  10160.26131  10699.27037  12081.49889  11818.17316  11763.03719  11554.46469  11564.49705 
 20489.18860  10811.67839   5653.83056  17767.63060   8688.92265  10723.76856   8644.25611  16368.31220  11387.54580  16858.82003  19675.90258  14844.78426  14012.87150  16365.38943  21989.40091   9045.20453  17303.69032  11307.66112  16879.07563  16870.16148  30751.18816  12040.84295  16289.10135  16996.12527  13872.97373  10955.04863  11983.29855  20569.67272   9680.68522  19068.04592  12225.01244  12586.50840  17959.08681  15347.46715  19340.20347  17149.84248  15707.85787  18890.84520  16891.37157  15565.20391  16648.76162   9987.59433  13418.22068  13692.38798  13535.00166  17221.06492  13006.29355  13194.25757  17267.14465  21367.83684  17105.88863  10000.77453  17542.41289  18091.51985  11085.22061  15845.24542  22360.81523   9976.83818  20109.86347  18341.17585  13518.80451  12021.07656  10675.63434   7337.47245  14201.85690  16496.81389  11805.37807  17439.58464  12478.59087  12823.81485  16377.12577  11559.86112  16538.38015   8696.38376  16779.51339  22736.93163  15298.21862  17336.98549  20500.65358  18018.44063  13965.63077  22566.33859  21033.64621  16246.45868  11822.17097  11202.03541  17069.35569   9061.31718  20987.49790  18319.21268  17530.55996  16191.95724  18331.46968   9719.19041   8210.18087  10187.70432  14502.57222  16386.82395  13977.80744   9927.25873  14743.19030   8089.21900  18401.84364  14400.07795 2000000000.00000  15341.69880   6064.39610  11085.53056  15779.77037  19591.17429  13979.19691  16014.65699  19725.04276  10398.89623  10501.93308  13652.81233   9903.89671  16067.61261  15649.85531  16395.15601  20845.44124  15341.81481  16134.93226  12646.53134  21454.59438  14332.78211  10887.97925  14186.21425  15090.93440  14006.72851  14531.61835  13057.77662  15350.79502  16068.38368  15480.64669  13045.64395  12086.45585  12099.04215  12995.97967  12912.94096  14347.82332   8583.35151  14743.82516  11712.62319  14498.49420  15476.37650  13590.14967  13241.62705  15704.68354  17011.70569 
 18011.65539  11042.09151  11225.24507  15475.76481  12485.40735  13782.53760  12252.63660  10883.65148  12088.89039  12171.72788  21222.14676  13732.11349  13378.66339  12750.31050  20494.52502  25924.28016  15844.75425  16879.07563   7745.56415  13899.17484  27410.27964  10980.52343  13811.56814  16926.63217  11089.34990  13394.90755  14187.42929  16945.33772  11493.64478   5281.91026  13679.25248  15026.36732  13307.53490  10721.47340  14395.63690  15465.96145   9517.63043  14239.29329  19975.80112  10080.54319  12211.65608   6891.48130   7933.55996   8919.06289  15758.82715  12447.73984   3872.78207  13984.58287  15583.26362   6085.56135  10915.66119  12204.90527  11901.57941  13236.19254   6311.89552  17402.05744  12179.29274  13499.59801  17088.35448  14923.48742  10241.71660   8924.96353  10906.04746   9541.60318  12517.97587  14844.84984   9091.51465   5830.59662   8695.73914  11328.93896  11603.80068  12151.24380  11728.05603  14267.79827  10673.88480  16631.30303  12038.73975  12685.43358  18843.39908  17073.91775  12313.66672  16839.53146  18382.16171  16770.29614  15618.65567   9518.15438  15574.47979  19417.96462  16300.40576  16489.77008  19005.43927  15279.85237   7572.79524   9949.60352  10414.31161  15759.11883  10606.68303  11066.57424  14367.04191  12131.38947  14108.98219  12630.97079  15924.31043  13166.47602 2000000000.00000  17311.64686  16421.04353  11315.94368  14739.05509  13485.54569  12295.31588  12534.87802  15942.19103  13921.65606  11693.46562  11678.49811  12581.54292  11820.13749  14925.05129  18535.76152  10086.76680  12245.70178  13038.81923   9550.41830  18113.68585  13243.43878   6676.69453  12528.95975  13953.44537   9319.63637  12306.61233  12017.06134  10577.46993  10341.57656  11856.31168   9149.75475   7313.13076   7473.04840  12361.77156   8261.38905  11365.85763   8813.76462  12769.51095   5684.49294   8771.68707  10292.68148   9378.86496   8542.07399  11902.45630  11284.89856 
  8855.41523  12480.66894  11893.59926  11877.88431  11745.82517  10220.66076   8903.17370   8915.70641  12378.29877  12419.52487  21511.55514  10686.60062  10093.96617   8581.69856  11849.66354  25915.36601   6943.10080  16870.16148  13899.17484   5327.79467  24036.62492   4829.31853   4655.32797   9188.61852   8030.01059   9065.63320  11298.32143   8339.88930  10754.06260  13698.05629  12021.77868  10697.09298   9480.32015  10533.21842   6431.94024  12266.88745   9047.07024   9575.94261  14165.55973   5551.93029   7682.88031   8375.33352   5965.61489   8988.52663   7639.49972  12517.20358  10026.39277  14185.01053  11788.05327  10733.43247   7649.03948  10315.27290  14132.60994   3582.80128   8445.94630  12873.28168  11267.49558  10967.59114   3239.70199   7632.39501   7769.54072   9267.26867  10431.73702  11025.45540   8722.76552   9498.35269   8903.25967   8653.43820   7956.15695   4046.34662  11673.26442  11017.67438   7199.28027  14936.15246   6145.10903  12102.52726   3433.29133  11129.80232  15169.81673   7917.67759   9012.16483  11902.07358  10765.94058   8438.95193   9352.33041  11722.58701   6929.61832  13802.68647  16548.20274  14176.00660  13951.28315  16681.15209  13793.87631  11388.18096  10826.70766  14056.24187  11858.66749   6537.79847  10693.45956  13615.24169  10824.28497  14835.40342   6768.07027  12940.49443 2000000000.00000  15343.70179  10805.76538  13307.59774   9684.89897   8956.76992  13811.65457   8115.06578  15202.60884  11389.64920   9814.45381   8004.91577  12169.15729   2663.89733   8773.84638  12633.93902  14015.53868   3021.11304   9204.79744   5716.39651  14740.03114  10362.63333   8500.79095   8855.37741  10279.86302  10596.92557   8991.70343   6962.90521   7531.95706   5404.11867   3250.86326  10401.73922   8496.71120   7284.79342   9077.07434   7521.80686   9661.98095  10805.41869   9095.92860   9073.34888   5712.34776   5138.39809  11202.96138   9469.18333   4611.36389   4621.39625 
